0	1.89875	3.88388	4.53522	9.37429	9.53752	11.5003	9.02262	9.22544	14.6496	19.0879	22.2362	22.0018	16.0285	14.2493	9.28681	3.59121	2.56457	1.75835	5.2632	19.2934	21.0962	22.5018	22.8932	21.0904	18.1879	18.9312	19.0012	19.5158	12.0834	11.2812	10.3602	9.85027	9.72793	8.80117	9.08236	9.59227	5.88093	5.58093	3.81317	4.44121	2.60632	1.80009	2.84743	8.13035	8.09257	10.8303	11.8501	8.87429	8.60673	8.22594	8.06558	8.20347	5.92312	5.14978	7.64131	6.40337	7.15337	7.9344	6.27446	9.74577	4.88522	3.50444	2.5989	2.35991	2.04368	1.61942	1.20711	0.5	1.03852	1.14031	1.64031	1.02961	0.626498	0.930054	1.28361	1.64031	0.640312	1.31113	1.75835	3.23539	3.64392	3.10309	4.08797	4.81599	5.62375	5.1942	4.79109	4.38797	4.51713	4.99148	6.99397	
1.89875	0	2.11165	5.68507	7.83371	9.84208	9.72812	7.25039	7.45321	12.8773	17.3157	20.4639	20.103	14.1297	12.4771	7.38806	2.59111	4.38476	3.6571	7.08339	17.3947	19.1975	20.603	21.121	19.3182	16.4157	17.159	17.2289	17.7436	10.3112	9.50892	8.58794	8.07804	7.9557	7.02894	7.18361	7.69352	3.98219	3.68219	1.91442	3.44111	1.60623	0.8	0.948683	6.35812	6.32034	9.28973	10.3095	7.33371	8.3282	7.94741	7.51729	6.66289	4.38254	3.37755	7.94156	7.55322	8.30322	8.23896	7.42431	10.8956	6.03507	4.65429	3.74875	3.16566	2.84943	2.42517	2.10586	1.39875	0.860233	2.03906	1.60623	2.41245	2.52525	2.55863	2.91218	3.35939	2.53906	3.20988	3.6571	5.05558	5.46411	4.92328	5.90816	6.63617	7.44394	7.01439	6.61127	6.20816	6.33732	6.81166	8.0728	
3.88388	2.11165	0	4.04339	5.72206	7.73042	7.61647	5.13874	5.34155	10.7657	15.204	18.3523	18.7405	12.7672	10.3654	6.02557	4.70277	5.89491	4.19426	8.59354	16.0322	17.835	19.2405	19.0093	17.2065	14.304	15.0473	15.1173	15.6319	8.19956	7.39727	6.47629	5.96639	5.84405	4.91729	5.41729	5.92719	6.09384	5.79384	4.02607	5.55277	3.71788	2.91165	1.16297	4.24647	4.20869	7.17808	8.19788	5.22206	6.21654	5.83575	5.40564	4.55124	2.27089	1.2659	5.8299	5.91154	6.66154	6.1273	5.78263	9.25394	4.39339	3.01261	2.10707	1.52398	1.8402	2.26447	2.67678	3.38388	2.97189	4.0242	3.71788	4.52411	4.51038	3.11571	2.76216	3.20937	4.20937	4.64147	5.08868	6.56573	6.97426	6.43343	7.41831	8.14632	8.95409	8.52454	8.12142	7.71831	7.84747	8.32181	10.1844	
4.53522	5.68507	4.04339	0	4.92004	5.0023	7.65669	8.32728	8.98667	14.4108	18.8492	21.9974	20.9818	15.0085	11.4751	8.26685	7.47052	6.38436	4.68371	6.79888	18.2735	20.0763	21.4818	22.6544	20.8517	17.9492	18.6925	16.2269	15.5353	8.10298	9.96734	8.79687	9.15493	9.48916	8.5624	8.0624	8.57231	4.86098	4.56098	6.32874	8.32052	6.48564	5.67941	4.73638	7.99723	7.39723	6.37607	7.39587	5.05558	4.07152	3.69073	3.53036	4.38476	3.44945	4.45444	3.1061	1.86815	2.61815	3.39918	1.73924	5.21056	0.35	1.03078	1.93631	2.51941	2.83564	3.2599	3.67221	4.37932	4.91784	5.01963	5.51963	5.56483	5.16171	3.60516	3.25161	3.69882	4.69882	5.13092	5.57814	7.05518	7.46371	6.92288	7.07968	6.35167	7.15944	8.1859	7.78279	7.37968	7.73323	8.08693	10.0894	
9.37429	7.83371	5.72206	4.92004	0	2.94263	2.73665	3.53569	4.69543	10.0416	14.48	17.6282	18.6551	12.9696	6.55502	6.22797	10.4248	11.2234	9.52278	11.704	16.2346	17.7495	19.1551	18.2852	16.4825	13.58	14.3233	11.3069	10.6153	3.18293	5.04729	3.87682	4.36333	5.11997	5.11969	5.61969	5.77803	9.42112	9.12112	9.74813	11.2748	9.43994	8.63371	6.88503	5.06574	4.46574	1.45602	2.47583	0.5	0.848528	1.22932	1.65943	1.17082	3.45117	4.45616	2.0837	3.05189	2.30189	1.52086	3.86583	5.37583	5.25507	5.86985	6.77539	7.24603	7.56226	7.98652	8.39884	9.10594	8.69394	9.74625	9.43994	10.2462	10.0008	8.44424	8.09068	8.5379	9.5379	9.96999	10.4172	11.8943	12.3028	11.762	11.9848	11.2567	12.0645	13.091	12.6879	12.2848	12.6383	12.992	14.9945	
9.53752	9.84208	7.73042	5.0023	2.94263	0	2.76723	3.56627	4.72601	10.0722	14.5106	17.6588	18.6856	13.0002	6.58561	6.25855	12.4332	11.3867	9.68601	11.7862	16.2652	17.7801	19.1856	18.3158	16.5131	13.6106	14.3539	11.3375	10.6459	3.21352	5.07788	3.90741	4.39392	5.15055	5.15028	5.65028	5.80861	9.4517	9.1517	10.9195	13.2832	11.4483	10.6421	8.89339	5.09632	4.49632	1.48661	2.50641	3.31949	2.27546	1.89467	2.32479	3.17919	5.45954	6.46452	2.74905	3.13415	2.38415	1.60312	3.94809	5.40641	5.33733	6.03308	6.93862	7.52171	7.83794	8.2622	8.67451	9.38162	9.92014	10.0219	10.5219	10.5671	10.164	8.60746	8.25391	8.70112	9.70112	10.1332	10.5804	12.0575	12.466	11.9252	12.067	11.339	12.1468	13.1732	12.7701	12.367	12.7206	13.0743	15.0768	
11.5003	9.72812	7.61647	7.65669	2.73665	2.76723	0	2.47772	2.90921	7.32835	11.7667	14.9149	15.9418	10.9012	3.81838	4.15956	11.5084	13.5114	11.8107	14.4406	14.1662	15.0363	16.4418	15.572	13.7692	10.8667	11.61	8.57022	8.01546	0.583095	2.31065	1.14018	1.65008	2.40671	3.33347	3.55128	3.04138	7.35271	7.05271	8.82048	11.3605	11.3343	10.5281	8.77944	4.00429	3.40778	1.28062	1.2902	3.23665	3.58517	3.96596	4.39608	3.90747	6.18782	6.35057	4.82034	5.78854	5.03854	4.25751	6.60248	4.1902	7.99172	8.6065	9.51203	9.14044	9.45667	9.88093	10.2932	11.0003	10.5884	11.6407	11.3343	12.1406	12.1268	10.7322	10.3786	10.8258	11.8258	12.2579	12.7051	14.1822	14.5907	14.0499	14.7214	13.9934	14.8012	15.8276	15.4245	15.0214	15.375	15.7287	15.9922	
9.02262	7.25039	5.13874	8.32728	3.53569	3.56627	2.47772	0	1.15974	6.50592	10.9443	14.0925	15.1194	9.43394	5.47618	2.69228	9.84151	11.0337	9.333	13.7323	12.6989	14.2138	15.6194	14.7496	12.9468	10.0443	10.7876	10.228	10.4932	3.06082	2.50802	1.33755	0.827647	1.58428	1.58401	2.08401	2.59391	5.88543	5.58543	7.3532	9.89324	8.85662	8.05039	6.30171	1.53005	0.930054	2.07966	3.09947	4.03569	4.38421	4.765	5.19512	4.70651	4.87783	3.87284	5.61938	6.58757	5.83757	5.05655	7.40152	5.99947	8.67728	7.29651	7.24581	6.66272	6.97894	7.40321	7.81552	8.52262	8.11063	9.16294	8.85662	9.66285	9.64912	8.25445	7.9009	8.34811	9.34811	9.78021	10.2274	11.7045	12.113	11.5722	12.5571	13.2851	14.0928	13.6633	13.2602	12.8571	12.9862	13.4606	14.5249	
9.22544	7.45321	5.34155	8.98667	4.69543	4.72601	2.90921	1.15974	0	5.42413	9.86249	13.0107	14.0376	8.2742	5.02388	1.53254	8.8814	11.2365	9.53581	13.9351	11.5392	13.132	14.5376	13.6678	11.865	8.96249	9.70579	9.77572	10.7244	3.4923	2.05572	1.76903	1.25913	0.502494	0.424264	0.924264	1.43417	4.72569	4.42569	6.19346	8.7335	9.05943	8.25321	6.50452	1.09508	1.69508	3.2394	4.19941	5.19543	5.54395	5.92474	6.35486	5.86625	5.64286	4.63787	6.77912	7.74732	6.99732	6.21629	8.56126	7.09941	9.33667	8.06154	7.44862	6.86553	7.18176	7.60602	8.01833	8.72544	8.31344	9.36575	9.05943	9.86566	9.85194	8.45726	8.10371	8.55092	9.55092	9.98302	10.4302	11.9073	12.3158	11.775	12.7599	13.4879	14.2956	13.8661	13.463	13.0599	13.189	13.6634	13.3652	
14.6496	12.8773	10.7657	14.4108	10.0416	10.0722	7.32835	6.50592	5.42413	0	4.43836	7.58659	8.61346	12.7757	9.44302	6.95667	14.3055	16.6606	14.9599	19.3592	9.51069	7.70792	9.11346	8.24364	6.44086	3.53836	4.28166	14.1949	15.1435	7.91145	6.47486	6.18818	5.67827	4.92164	5.84839	6.34839	6.8583	10.1498	9.84982	11.6176	14.1576	14.4836	13.6773	11.9287	6.51921	7.11921	8.58558	8.61855	10.5416	10.8901	11.2709	11.701	11.2124	11.067	10.062	12.1253	13.0935	12.3435	11.5625	13.9074	11.5186	14.7608	13.4857	12.8728	12.2897	12.6059	13.0302	13.4425	14.1496	13.7376	14.7899	14.4836	15.2898	15.2761	13.8814	13.5278	13.9751	14.9751	15.4072	15.8544	17.3314	17.7399	17.1991	18.184	18.912	19.7198	19.2902	18.8871	18.484	18.6132	19.0875	18.7893	
19.0879	17.3157	15.204	18.8492	14.48	14.5106	11.7667	10.9443	9.86249	4.43836	0	3.79135	4.1751	8.3373	13.8814	11.395	18.7439	21.099	19.3983	23.7976	5.07233	3.26956	4.6751	3.80527	2.0025	0.9	1.6433	18.6332	19.5819	12.3498	10.9132	10.6265	10.1166	9.36	10.2868	10.7868	11.2967	14.5882	14.2882	16.056	18.596	18.9219	18.1157	16.367	10.9576	11.5576	13.0239	13.0569	14.98	15.3285	15.7093	16.1394	15.6508	15.5054	14.5004	16.5637	17.5319	16.7819	16.0008	18.3458	15.9569	19.1992	17.924	17.3111	16.728	17.0442	17.4685	17.8808	18.5879	18.1759	19.2282	18.9219	19.7281	19.7144	18.3198	17.9662	18.4134	19.4134	19.8455	20.2927	21.7698	22.1783	21.6375	22.6224	23.3504	24.1581	23.7286	23.3255	22.9224	23.0515	23.5259	23.2277	
22.2362	20.4639	18.3523	21.9974	17.6282	17.6588	14.9149	14.0925	13.0107	7.58659	3.79135	0	5.977	11.9503	17.0296	14.5433	21.8921	24.2472	22.5465	26.9458	8.68532	6.88254	6.477	3.59163	1.78885	4.04822	3.30492	21.7814	22.7301	15.498	14.0614	13.7748	13.2649	12.5082	13.435	13.935	14.4449	17.7364	17.4364	19.2042	21.7442	22.0701	21.2639	19.5152	14.1058	14.7058	16.1722	16.2051	18.1282	18.4767	18.8575	19.2876	18.799	18.6536	17.6486	19.7119	20.6801	19.9301	19.1491	21.494	19.1051	22.3474	21.0723	20.4593	19.8762	20.1925	20.6167	21.029	21.7362	21.3242	22.3765	22.0701	22.8764	22.8627	21.468	21.1144	21.5616	22.5616	22.9937	23.441	24.918	25.3265	24.7857	25.7706	26.4986	27.3064	26.8768	26.4737	26.0706	26.1997	26.6741	26.3759	
22.0018	20.103	18.7405	20.9818	18.6551	18.6856	15.9418	15.1194	14.0376	8.61346	4.1751	5.977	0	5.97328	18.0565	12.7149	20.8765	24.4878	22.9348	27.1864	2.70831	0.905539	0.5	2.38537	4.18815	5.0751	5.8184	22.8083	23.757	16.5249	15.0883	14.8016	14.2917	13.5351	13.8232	13.3232	13.8331	16.1208	16.4208	18.1886	20.1286	21.7092	20.903	19.9035	14.494	15.094	17.199	17.232	19.1551	19.5036	19.8844	20.3145	19.8259	19.0418	18.0368	20.7388	21.707	20.957	20.1759	22.5209	20.132	21.3318	21.4605	20.8476	20.2645	20.5807	21.005	21.4173	21.5018	20.9632	22.1421	21.7092	22.5155	22.6283	21.8562	21.5027	21.9499	22.6421	23.3129	23.7601	24.899	25.4015	25.0263	26.0112	26.7392	27.5469	26.8981	26.7143	26.3112	26.2747	26.749	24.7603	
16.0285	14.1297	12.7672	15.0085	12.9696	13.0002	10.9012	9.43394	8.2742	12.7757	8.3373	11.9503	5.97328	0	13.2981	6.74166	14.9032	18.5145	16.9615	21.2131	3.26497	5.06774	6.47328	8.35865	10.1614	9.2373	9.9806	18.0499	18.9167	11.4843	10.3299	10.0432	9.53333	8.7767	7.84994	7.34994	7.85984	10.1475	10.4475	12.2153	14.1553	15.736	14.9297	13.9302	8.52076	9.12076	11.5136	12.1914	13.4696	13.8182	14.1989	14.6291	14.1404	13.0685	12.0635	15.0533	16.0215	15.2715	14.4905	16.7478	15.0914	15.3585	15.4872	14.8743	14.2912	14.6074	15.0317	15.444	15.5285	14.99	16.1688	15.736	16.5422	16.655	15.8829	15.5294	15.9766	16.6688	17.3396	17.7868	18.9257	19.4282	19.053	20.0379	20.7659	21.5737	20.9248	20.741	20.3379	20.3014	20.7757	18.787	
14.2493	12.4771	10.3654	11.4751	6.55502	6.58561	3.81838	5.47618	5.02388	9.44302	13.8814	17.0296	18.0565	13.2981	0	6.55642	13.9053	16.2603	14.5597	18.259	16.563	17.1509	18.5565	17.6867	15.8839	12.9814	13.7247	4.75184	5.70053	4.40147	2.96816	4.13863	4.64854	4.52139	5.44814	5.94814	6.45805	9.74957	9.44957	11.2173	13.7574	14.0833	13.2771	11.5284	6.11897	6.40624	5.099	5.10858	7.05502	7.40355	7.78434	8.21446	7.72584	10.0062	9.34903	8.63872	9.60691	8.85691	8.07589	10.4209	8.00858	11.8101	12.4249	12.4725	11.8894	12.2056	12.6299	13.0422	13.7493	13.3373	14.3896	14.0833	14.8895	14.8758	13.4811	13.1276	13.5748	14.5748	15.0069	15.4541	16.9312	17.3397	16.7989	17.7837	17.8118	18.6195	18.89	18.4869	18.0837	18.2129	18.6872	18.3891	
9.28681	7.38806	6.02557	8.26685	6.22797	6.25855	4.15956	2.69228	1.53254	6.95667	11.395	14.5433	12.7149	6.74166	6.55642	0	8.16158	11.7728	10.2198	14.4714	10.0066	11.8094	13.2149	15.1003	13.3975	10.495	11.2383	11.3083	12.175	4.74265	3.58826	3.30157	2.79167	2.03503	1.10828	0.608276	1.11818	3.40588	3.70588	5.47364	7.41368	8.99429	8.18806	7.18854	1.7791	2.3791	4.77195	5.44976	6.72797	7.0765	7.45728	7.8874	7.39879	6.32687	5.32188	8.31166	9.27986	8.52986	7.74883	10.0061	8.34976	8.61685	8.74555	8.13264	7.54954	7.86577	8.29003	8.70234	8.78681	8.2483	9.42712	8.99429	9.80051	9.91331	9.14128	8.78772	9.23494	9.92712	10.5979	11.0452	12.184	12.6865	12.3113	13.2962	14.0242	14.832	14.1831	13.9993	13.5962	13.5597	14.0341	12.0454	
3.59121	2.59111	4.70277	7.47052	10.4248	12.4332	11.5084	9.84151	8.8814	14.3055	18.7439	21.8921	20.8765	14.9032	13.9053	8.16158	0	4.69326	5.34955	6.70038	18.1682	19.971	21.3765	22.5492	20.7464	17.8439	18.5872	18.6571	19.5239	12.0915	10.9371	10.6504	10.1405	9.38389	8.45713	7.95713	8.46703	4.7557	4.4557	2.68794	0.85	0.984886	1.79111	3.53979	8.94923	8.91145	11.8808	12.7986	9.92482	10.9193	10.5385	10.1084	9.254	6.97365	5.96866	10.5327	9.33868	10.0887	10.8301	9.20977	12.6811	7.82052	6.43975	5.53421	4.95111	4.63489	4.21062	3.79831	3.09121	2.55269	3.09734	2.59734	3.40356	3.70767	4.25108	4.60463	5.05185	4.23152	4.90234	5.34955	4.02244	4.52493	5.06576	6.05065	6.77866	7.06094	6.55792	6.15481	5.7517	5.39814	5.87248	5.48168	
2.56457	4.38476	5.89491	6.38436	11.2234	11.3867	13.5114	11.0337	11.2365	16.6606	21.099	24.2472	24.4878	18.5145	16.2603	11.7728	4.69326	0	1.70065	2.69863	21.7795	23.5822	24.9878	24.9042	23.1015	20.199	20.9423	21.0122	21.5268	14.0945	13.2922	12.3712	11.8613	11.739	10.8122	11.3122	11.8221	8.36695	8.06695	6.29918	5.54326	4.39099	3.58476	5.33344	10.1414	10.1036	12.6795	13.6993	10.7234	10.4559	10.0751	9.91472	10.0526	7.77226	7.16081	9.49046	8.25252	9.00252	9.78354	8.12361	11.5949	6.73436	5.35359	4.44805	4.37093	4.05471	4.18399	3.77168	3.06457	3.60309	2.98575	2.77853	1.97231	2.37542	3.48631	3.13275	2.68554	1.92426	1.25344	0.806226	0.67082	1.07935	0.538516	1.5234	2.25141	3.05918	2.62963	2.22652	1.8234	1.95256	2.4269	4.4294	
1.75835	3.6571	4.19426	4.68371	9.52278	9.68601	11.8107	9.333	9.53581	14.9599	19.3983	22.5465	22.9348	16.9615	14.5597	10.2198	5.34955	1.70065	0	4.39928	20.2264	22.0292	23.4348	23.2036	21.4008	18.4983	19.2416	19.3115	19.8262	12.3938	11.5915	10.6705	10.1606	10.0383	9.11155	9.61155	10.1214	7.63928	7.33928	5.57151	6.19955	4.36467	3.55844	4.12721	8.44073	8.40294	10.9788	11.9986	9.02278	8.75522	8.37444	8.21407	8.35196	6.07161	5.46016	7.7898	6.55186	7.30186	8.08289	6.42295	9.89426	5.03371	3.65293	2.74739	2.67028	2.35405	2.65073	2.23842	2.25835	2.79686	2.89866	3.39866	2.78796	2.38484	1.78565	1.4321	0.984886	1.11803	0.447214	0.894427	2.37147	2.78	2.23917	3.22406	3.95207	4.75983	4.33028	3.92717	3.52406	3.65321	4.12756	6.13005	
5.2632	7.08339	8.59354	6.79888	11.704	11.7862	14.4406	13.7323	13.9351	19.3592	23.7976	26.9458	27.1864	21.2131	18.259	14.4714	6.70038	2.69863	4.39928	0	24.4781	26.2809	27.6864	27.6029	25.8001	22.8976	23.6409	23.0108	22.3192	14.8869	15.9908	15.0698	14.5599	14.4376	13.5108	14.0108	14.5207	11.0656	10.7656	8.99781	7.55038	7.08961	6.28339	8.03207	12.84	12.8022	13.16	14.1798	11.8395	10.8554	10.4746	10.3143	11.1687	10.2483	9.85944	9.89001	8.65207	9.40207	10.1831	7.83812	11.3094	6.44888	7.82966	7.14667	7.06956	6.75333	6.88262	6.47031	5.7632	6.30172	5.68438	5.47716	4.67094	5.07405	6.18493	5.83138	5.38417	4.62289	3.95207	3.50485	2.67794	2.17545	2.16011	1.17522	0.447214	0.360555	1.46509	1.29463	0.948683	1.30224	1.59877	3.60127	
19.2934	17.3947	16.0322	18.2735	16.2346	16.2652	14.1662	12.6989	11.5392	9.51069	5.07233	8.68532	2.70831	3.26497	16.563	10.0066	18.1682	21.7795	20.2264	24.4781	0	1.80278	3.20831	5.09369	6.89646	5.97233	6.71564	21.3149	22.1816	14.7493	13.5949	13.3082	12.7983	12.0417	11.1149	10.6149	11.1248	13.4125	13.7125	15.4803	17.4203	19.0009	18.1947	17.1952	11.7857	12.3857	14.7786	15.4564	16.7346	17.0831	17.4639	17.894	17.4054	16.3335	15.3285	18.3183	19.2865	18.5365	17.7555	20.0127	18.3564	18.6235	18.7522	18.1393	17.5562	17.8724	18.2967	18.709	18.7934	18.2549	19.4338	19.0009	19.8071	19.9199	19.1479	18.7944	19.2416	19.9338	20.6046	21.0518	22.1906	22.6931	22.318	23.3029	24.0309	24.8386	24.1897	24.006	23.6029	23.5664	24.0407	22.052	
21.0962	19.1975	17.835	20.0763	17.7495	17.7801	15.0363	14.2138	13.132	7.70792	3.26956	6.88254	0.905539	5.06774	17.1509	11.8094	19.971	23.5822	22.0292	26.2809	1.80278	0	1.40554	3.29091	5.09369	4.16956	4.91286	21.9028	22.8515	15.6194	14.1828	13.8961	13.3862	12.6296	12.9177	12.4177	12.9276	15.2153	15.5153	17.283	19.2231	20.8037	19.9975	18.9979	13.5885	14.1885	16.2935	16.3265	18.2495	18.5981	18.9788	19.409	18.9203	18.1363	17.1313	19.8332	20.8014	20.0514	19.2704	21.6154	19.2265	20.4263	20.555	19.942	19.3589	19.6752	20.0994	20.5117	20.5962	20.0577	21.2365	20.8037	21.6099	21.7227	20.9507	20.5971	21.0443	21.7365	22.4073	22.8546	23.9934	24.4959	24.1207	25.1056	25.8336	26.6414	25.9925	25.8087	25.4056	25.3691	25.8435	23.8548	
22.5018	20.603	19.2405	21.4818	19.1551	19.1856	16.4418	15.6194	14.5376	9.11346	4.6751	6.477	0.5	6.47328	18.5565	13.2149	21.3765	24.9878	23.4348	27.6864	3.20831	1.40554	0	2.88537	4.68815	5.5751	6.3184	23.3083	24.257	17.0249	15.5883	15.3016	14.7917	14.0351	14.3232	13.8232	14.3331	16.6208	16.9208	18.6886	20.6286	22.2092	21.403	20.4035	14.994	15.594	17.699	17.732	19.6551	20.0036	20.3844	20.8145	20.3259	19.5418	18.5368	21.2388	22.207	21.457	20.6759	23.0209	20.632	21.8318	21.9605	21.3476	20.7645	21.0807	21.505	21.9173	22.0018	21.4632	22.6421	22.2092	23.0155	23.1283	22.3562	22.0027	22.4499	23.1421	23.8129	24.2601	25.399	25.9015	25.5263	26.5112	27.2392	28.0469	27.3981	27.2143	26.8112	26.7747	27.249	25.2603	
22.8932	21.121	19.0093	22.6544	18.2852	18.3158	15.572	14.7496	13.6678	8.24364	3.80527	3.59163	2.38537	8.35865	17.6867	15.1003	22.5492	24.9042	23.2036	27.6029	5.09369	3.29091	2.88537	0	1.80278	4.70527	5.44858	22.4385	23.3872	16.1551	14.7185	14.4318	13.9219	13.1653	14.092	14.592	15.1019	18.3935	18.0935	19.8612	22.4013	22.7272	21.921	20.1723	14.7628	15.3628	16.8292	16.8622	18.7852	19.1338	19.5146	19.9447	19.4561	19.3106	18.3056	20.3689	21.3371	20.5871	19.8061	22.1511	19.7622	23.0044	21.7293	21.1164	20.5333	20.8495	21.2738	21.6861	22.3932	21.9812	23.0335	22.7272	23.5334	23.5197	22.125	21.7715	22.2187	23.2187	23.6508	24.098	25.575	25.9836	25.4427	26.4276	27.1556	27.9634	27.5339	27.1307	26.7276	26.8568	27.3311	27.0329	
21.0904	19.3182	17.2065	20.8517	16.4825	16.5131	13.7692	12.9468	11.865	6.44086	2.0025	1.78885	4.18815	10.1614	15.8839	13.3975	20.7464	23.1015	21.4008	25.8001	6.89646	5.09369	4.68815	1.80278	0	2.9025	3.6458	20.6357	21.5844	14.3523	12.9157	12.629	12.1191	11.3625	12.2893	12.7893	13.2992	16.5907	16.2907	18.0584	20.5985	20.9244	20.1182	18.3695	12.9601	13.5601	15.0264	15.0594	16.9825	17.331	17.7118	18.1419	17.6533	17.5078	16.5029	18.5662	19.5344	18.7844	18.0033	20.3483	17.9594	21.2017	19.9265	19.3136	18.7305	19.0467	19.471	19.8833	20.5904	20.1784	21.2307	20.9244	21.7306	21.7169	20.3223	19.9687	20.4159	21.4159	21.848	22.2952	23.7723	24.1808	23.64	24.6249	25.3529	26.1606	25.7311	25.328	24.9249	25.054	25.5284	25.2302	
18.1879	16.4157	14.304	17.9492	13.58	13.6106	10.8667	10.0443	8.96249	3.53836	0.9	4.04822	5.0751	9.2373	12.9814	10.495	17.8439	20.199	18.4983	22.8976	5.97233	4.16956	5.5751	4.70527	2.9025	0	0.743303	17.7332	18.6819	11.4498	10.0132	9.72654	9.21663	8.46	9.38675	9.88675	10.3967	13.6882	13.3882	15.156	17.696	18.0219	17.2157	15.467	10.0576	10.6576	12.1239	12.1569	14.08	14.4285	14.8093	15.2394	14.7508	14.6054	13.6004	15.6637	16.6319	15.8819	15.1008	17.4458	15.0569	18.2992	17.024	16.4111	15.828	16.1442	16.5685	16.9808	17.6879	17.2759	18.3282	18.0219	18.8281	18.8144	17.4198	17.0662	17.5134	18.5134	18.9455	19.3927	20.8698	21.2783	20.7375	21.7224	22.4504	23.2581	22.8286	22.4255	22.0224	22.1515	22.6259	22.3277	
18.9312	17.159	15.0473	18.6925	14.3233	14.3539	11.61	10.7876	9.70579	4.28166	1.6433	3.30492	5.8184	9.9806	13.7247	11.2383	18.5872	20.9423	19.2416	23.6409	6.71564	4.91286	6.3184	5.44858	3.6458	0.743303	0	18.4765	19.4252	12.1931	10.7565	10.4698	9.95994	9.2033	10.1301	10.6301	11.14	14.4315	14.1315	15.8993	18.4393	18.7652	17.959	16.2103	10.8009	11.4009	12.8672	12.9002	14.8233	15.1718	15.5526	15.9827	15.4941	15.3487	14.3437	16.407	17.3752	16.6252	15.8441	18.1891	15.8002	19.0425	17.7673	17.1544	16.5713	16.8876	17.3118	17.7241	18.4312	18.0192	19.0715	18.7652	19.5715	19.5577	18.1631	17.8095	18.2567	19.2567	19.6888	20.136	21.6131	22.0216	21.4808	22.4657	23.1937	24.0014	23.5719	23.1688	22.7657	22.8948	23.3692	23.071	
19.0012	17.2289	15.1173	16.2269	11.3069	11.3375	8.57022	10.228	9.77572	14.1949	18.6332	21.7814	22.8083	18.0499	4.75184	11.3083	18.6571	21.0122	19.3115	23.0108	21.3149	21.9028	23.3083	22.4385	20.6357	17.7332	18.4765	0	0.948683	8.38104	7.72001	8.89048	9.40038	9.27323	10.2	10.7	11.2099	14.5014	14.2014	15.9692	18.5092	18.8352	18.0289	16.2802	10.8708	11.1581	9.85084	9.08815	11.8069	12.1554	12.5362	12.9663	12.4777	14.758	14.1009	13.3906	14.3588	13.6088	12.8277	15.1727	11.9882	16.5619	17.1767	17.2243	16.6413	16.9575	17.3817	17.7941	18.5012	18.0892	19.1415	18.8352	19.6414	19.6277	18.233	17.8794	18.3266	19.3266	19.7587	20.206	21.683	22.0915	21.5507	22.5356	22.5636	23.3714	23.6418	23.2387	22.8356	22.9647	23.4391	23.1409	
19.5158	17.7436	15.6319	15.5353	10.6153	10.6459	8.01546	10.4932	10.7244	15.1435	19.5819	22.7301	23.757	18.9167	5.70053	12.175	19.5239	21.5268	19.8262	22.3192	22.1816	22.8515	24.257	23.3872	21.5844	18.6819	19.4252	0.948683	0	7.43236	8.66869	9.15563	9.66553	10.2219	11.1487	11.5667	11.0568	15.3682	15.0682	16.8359	19.376	19.3498	18.5436	16.7949	11.8195	11.4232	9.15927	8.13947	11.1153	11.4638	11.8446	12.2747	11.7861	14.0665	14.366	12.699	13.6672	12.9172	12.1362	14.4811	11.0395	15.8704	16.4851	17.3907	17.1559	17.4721	17.8964	18.3087	19.0158	18.6038	19.6561	19.3498	20.156	20.1423	18.7476	18.3941	18.8413	19.8413	20.2734	20.7206	22.1977	22.6062	22.0653	22.6	21.872	22.6798	23.7063	23.3032	22.9	23.2536	23.6073	24.0077	
12.0834	10.3112	8.19956	8.10298	3.18293	3.21352	0.583095	3.06082	3.4923	7.91145	12.3498	15.498	16.5249	11.4843	4.40147	4.74265	12.0915	14.0945	12.3938	14.8869	14.7493	15.6194	17.0249	16.1551	14.3523	11.4498	12.1931	8.38104	7.43236	0	2.89374	1.72327	2.23317	2.98981	3.91657	4.13438	3.62448	7.93581	7.63581	9.40357	11.9436	11.9174	11.1112	9.36253	4.58739	3.99087	1.72691	0.707107	3.68293	4.03146	4.41225	4.84237	4.35375	6.6341	6.93366	5.26663	6.23482	5.48482	4.7038	7.04876	3.60711	8.43801	9.05278	9.95832	9.72354	10.0398	10.464	10.8763	11.5834	11.1714	12.2238	11.9174	12.7237	12.7099	11.3153	10.9617	11.4089	12.4089	12.841	13.2882	14.7653	15.1738	14.633	15.1677	14.4397	15.2474	16.2739	15.8708	15.4677	15.8212	16.1749	16.5753	
11.2812	9.50892	7.39727	9.96734	5.04729	5.07788	2.31065	2.50802	2.05572	6.47486	10.9132	14.0614	15.0883	10.3299	2.96816	3.58826	10.9371	13.2922	11.5915	15.9908	13.5949	14.1828	15.5883	14.7185	12.9157	10.0132	10.7565	7.72001	8.66869	2.89374	0	1.17047	1.68037	1.55322	2.47998	2.97998	3.48988	6.78141	6.48141	8.24918	10.7892	11.1151	10.3089	8.56024	3.1508	3.43807	3.59127	3.60085	5.54729	5.89582	6.27661	6.70673	6.21811	7.38585	6.38086	7.13099	8.09918	7.34918	6.56816	8.91312	6.50085	10.3024	9.80453	9.50434	8.92124	9.23747	9.66174	10.074	10.7812	10.3692	11.4215	11.1151	11.9214	11.9077	10.513	10.1594	10.6066	11.6066	12.0387	12.486	13.963	14.3715	13.8307	14.8156	15.5436	16.3514	15.9218	15.5187	15.1156	15.2447	15.7191	15.4209	
10.3602	8.58794	6.47629	8.79687	3.87682	3.90741	1.14018	1.33755	1.76903	6.18818	10.6265	13.7748	14.8016	10.0432	4.13863	3.30157	10.6504	12.3712	10.6705	15.0698	13.3082	13.8961	15.3016	14.4318	12.629	9.72654	10.4698	8.89048	9.15563	1.72327	1.17047	0	0.509902	1.26654	2.1933	2.6933	3.2032	6.49473	6.19473	7.96249	10.5025	10.1942	9.38794	7.63926	2.86412	2.2676	2.4208	2.43038	4.37682	4.72535	5.10614	5.53626	5.04764	6.21538	5.21039	5.96052	6.92871	6.17871	5.39769	7.74265	5.33038	9.1319	8.63406	8.58336	8.00026	8.31649	8.74076	9.15307	9.86017	9.44818	10.5005	10.1942	11.0004	10.9867	9.592	9.23845	9.68566	10.6857	11.1178	11.565	13.042	13.4505	12.9097	13.8946	14.6226	15.4304	15.0008	14.5977	14.1946	14.3238	14.7981	15.1342	
9.85027	8.07804	5.96639	9.15493	4.36333	4.39392	1.65008	0.827647	1.25913	5.67827	10.1166	13.2649	14.2917	9.53333	4.64854	2.79167	10.1405	11.8613	10.1606	14.5599	12.7983	13.3862	14.7917	13.9219	12.1191	9.21663	9.95994	9.40038	9.66553	2.23317	1.68037	0.509902	0	0.756637	1.6834	2.1834	2.6933	5.98482	5.68482	7.45259	9.99263	9.68427	8.87804	7.12936	2.35422	1.7577	2.90731	2.94028	4.86333	5.21186	5.59265	6.02277	5.53415	5.70548	4.70049	6.44703	7.41522	6.66522	5.8842	8.22916	5.84028	9.50493	8.12415	8.07346	7.49036	7.80659	8.23085	8.64317	9.35027	8.93827	9.99058	9.68427	10.4905	10.4768	9.0821	8.72854	9.17576	10.1758	10.6079	11.0551	12.5321	12.9406	12.3998	13.3847	14.1127	14.9205	14.4909	14.0878	13.6847	13.8139	14.2882	14.6243	
9.72793	7.9557	5.84405	9.48916	5.11997	5.15055	2.40671	1.58428	0.502494	4.92164	9.36	12.5082	13.5351	8.7767	4.52139	2.03503	9.38389	11.739	10.0383	14.4376	12.0417	12.6296	14.0351	13.1653	11.3625	8.46	9.2033	9.27323	10.2219	2.98981	1.55322	1.26654	0.756637	0	0.926758	1.42676	1.93666	5.22819	4.92819	6.69595	9.23599	9.56193	8.7557	7.00702	1.59758	2.19758	3.66395	3.69692	5.61997	5.9685	6.34929	6.7794	6.29079	6.14535	5.14037	7.20367	8.17186	7.42186	6.64083	8.9858	6.59692	9.83916	8.56403	7.95112	7.36802	7.68425	8.10851	8.52082	9.22793	8.81593	9.86824	9.56193	10.3682	10.3544	8.95976	8.6062	9.05342	10.0534	10.4855	10.9327	12.4098	12.8183	12.2775	13.2624	13.9904	14.7981	14.3686	13.9655	13.5624	13.6915	14.1659	13.8677	
8.80117	7.02894	4.91729	8.5624	5.11969	5.15028	3.33347	1.58401	0.424264	5.84839	10.2868	13.435	13.8232	7.84994	5.44814	1.10828	8.45713	10.8122	9.11155	13.5108	11.1149	12.9177	14.3232	14.092	12.2893	9.38675	10.1301	10.2	11.1487	3.91657	2.47998	2.1933	1.6834	0.926758	0	0.5	1.0099	4.30143	4.00143	5.7692	8.30923	8.63517	7.82894	6.08026	0.67082	1.27082	3.66367	4.62367	5.61969	5.96822	6.34901	6.77912	6.29051	5.2186	4.21361	7.20339	8.17158	7.42158	6.64056	8.98552	7.52367	8.9124	7.63727	7.02436	6.44126	6.75749	7.18176	7.59407	8.30117	7.88918	8.94149	8.63517	9.44139	9.42767	8.033	7.67945	8.12666	9.12666	9.55876	10.006	11.483	11.8915	11.3507	12.3356	13.0636	13.8714	13.4418	13.0387	12.6356	12.7648	13.2391	12.9409	
9.08236	7.18361	5.41729	8.0624	5.61969	5.65028	3.55128	2.08401	0.924264	6.34839	10.7868	13.935	13.3232	7.34994	5.94814	0.608276	7.95713	11.3122	9.61155	14.0108	10.6149	12.4177	13.8232	14.592	12.7893	9.88675	10.6301	10.7	11.5667	4.13438	2.97998	2.6933	2.1834	1.42676	0.5	0	0.509902	3.80143	3.50143	5.2692	7.80923	8.78984	7.98361	6.58026	1.17082	1.77082	4.16367	4.84149	6.11969	6.46822	6.84901	7.27912	6.79051	5.7186	4.71361	7.70339	8.67158	7.92158	7.14056	9.48552	7.74149	8.4124	8.13727	7.52436	6.94126	7.25749	7.68176	8.09407	8.58236	8.04385	9.22268	8.78984	9.59607	9.70886	8.533	8.17945	8.62666	9.62666	10.0588	10.506	11.9796	12.3915	11.8507	12.8356	13.5636	14.3714	13.9418	13.5387	13.1356	13.2648	13.7391	12.4409	
9.59227	7.69352	5.92719	8.57231	5.77803	5.80861	3.04138	2.59391	1.43417	6.8583	11.2967	14.4449	13.8331	7.85984	6.45805	1.11818	8.46703	11.8221	10.1214	14.5207	11.1248	12.9276	14.3331	15.1019	13.2992	10.3967	11.14	11.2099	11.0568	3.62448	3.48988	3.2032	2.6933	1.93666	1.0099	0.509902	0	4.31133	4.01133	5.7791	8.31914	9.29974	8.49352	7.09016	1.68072	2.28072	4.32201	4.33158	6.27803	6.62656	7.00734	7.43746	6.94885	6.2285	5.22351	7.86173	8.82992	8.07992	7.29889	9.64386	7.23158	8.92231	8.64718	8.03426	7.45117	7.76739	8.19166	8.60397	9.09227	8.55375	9.73258	9.29974	10.106	10.2188	9.0429	8.68935	9.13656	10.1366	10.5687	11.0159	12.4895	12.9015	12.3606	13.3455	14.0735	14.8813	14.4517	14.0486	13.6455	13.7747	14.249	12.9508	
5.88093	3.98219	6.09384	4.86098	9.42112	9.4517	7.35271	5.88543	4.72569	10.1498	14.5882	17.7364	16.1208	10.1475	9.74957	3.40588	4.7557	8.36695	7.63928	11.0656	13.4125	15.2153	16.6208	18.3935	16.5907	13.6882	14.4315	14.5014	15.3682	7.93581	6.78141	6.49473	5.98482	5.22819	4.30143	3.80143	4.31133	0	0.3	2.06777	4.0078	5.58841	4.78219	4.93087	4.97225	5.57225	7.9651	8.64291	9.91656	8.93249	8.5517	8.39134	9.24574	8.31043	7.35974	7.96707	6.72913	7.47913	8.26015	6.60022	10.0715	5.21098	5.89175	6.79729	7.14784	6.83162	6.40735	6.08804	5.38093	4.84242	6.02125	5.58841	6.39464	6.50743	6.54081	6.89436	7.34158	6.52125	7.19207	7.63928	8.77814	9.28063	8.90546	9.89035	10.6184	11.4261	10.7772	10.5935	10.1903	10.1538	10.6282	8.63949	
5.58093	3.68219	5.79384	4.56098	9.12112	9.1517	7.05271	5.58543	4.42569	9.84982	14.2882	17.4364	16.4208	10.4475	9.44957	3.70588	4.4557	8.06695	7.33928	10.7656	13.7125	15.5153	16.9208	18.0935	16.2907	13.3882	14.1315	14.2014	15.0682	7.63581	6.48141	6.19473	5.68482	4.92819	4.00143	3.50143	4.01133	0.3	0	1.76777	4.3078	5.28841	4.48219	4.63087	4.67225	5.27225	7.6651	8.34291	9.61656	8.63249	8.2517	8.09134	8.94574	8.01043	7.05974	7.66707	6.42913	7.17913	7.96015	6.30022	9.77153	4.91098	5.59175	6.49729	6.84784	6.53162	6.10735	5.78804	5.08093	4.54242	5.72125	5.28841	6.09464	6.20743	6.24081	6.59436	7.04158	6.22125	6.89207	7.33928	8.47814	8.98063	8.60546	9.59035	10.3184	11.1261	10.6966	10.2935	9.89035	9.85385	10.3282	8.93949	
3.81317	1.91442	4.02607	6.32874	9.74813	10.9195	8.82048	7.3532	6.19346	11.6176	16.056	19.2042	18.1886	12.2153	11.2173	5.47364	2.68794	6.29918	5.57151	8.99781	15.4803	17.283	18.6886	19.8612	18.0584	15.156	15.8993	15.9692	16.8359	9.40357	8.24918	7.96249	7.45259	6.69595	5.7692	5.2692	5.7791	2.06777	1.76777	0	3.53794	3.52064	2.71442	2.8631	6.44002	7.04002	9.43286	10.1107	9.24813	10.2426	9.86183	9.43171	8.57731	6.29696	5.29197	9.43484	8.1969	8.9469	9.72792	8.06799	11.5393	6.67874	6.56871	5.66317	5.08008	4.76385	4.33958	4.02027	3.31317	2.77465	3.95348	3.52064	4.32687	4.43967	4.47304	4.8266	5.27381	4.45348	5.1243	5.57151	6.71037	7.21287	6.8377	7.82258	8.55059	9.35836	8.92881	8.52569	8.12258	8.08608	8.56042	8.16962	
4.44121	3.44111	5.55277	8.32052	11.2748	13.2832	11.3605	9.89324	8.7335	14.1576	18.596	21.7442	20.1286	14.1553	13.7574	7.41368	0.85	5.54326	6.19955	7.55038	17.4203	19.2231	20.6286	22.4013	20.5985	17.696	18.4393	18.5092	19.376	11.9436	10.7892	10.5025	9.99263	9.23599	8.30923	7.80923	8.31914	4.0078	4.3078	3.53794	0	1.83489	2.64111	4.38979	8.98005	9.58005	11.9729	12.6507	10.7748	11.7693	11.3885	10.9584	10.104	7.82365	6.81866	11.3827	10.1887	10.9387	11.6801	10.0598	13.5311	8.67052	7.28975	6.38421	5.80111	5.48489	5.06062	4.64831	3.94121	3.40269	3.94734	3.44734	4.25356	4.55767	5.10108	5.45463	5.90185	5.08152	5.75234	6.19955	4.87244	5.37493	5.91576	6.90065	7.62866	7.8724	6.76944	6.93832	6.6017	6.24814	6.63418	4.63168	
2.60632	1.60623	3.71788	6.48564	9.43994	11.4483	11.3343	8.85662	9.05943	14.4836	18.9219	22.0701	21.7092	15.736	14.0833	8.99429	0.984886	4.39099	4.36467	7.08961	19.0009	20.8037	22.2092	22.7272	20.9244	18.0219	18.7652	18.8352	19.3498	11.9174	11.1151	10.1942	9.68427	9.56193	8.63517	8.78984	9.29974	5.58841	5.28841	3.52064	1.83489	0	0.806226	2.55491	7.96435	7.92657	10.896	11.9158	8.93994	9.93442	9.55363	9.12352	8.26912	5.98877	4.98378	9.54778	8.35379	9.10379	9.84518	8.22488	11.6962	6.83564	5.45486	4.54932	3.96623	3.65	3.22574	2.81343	2.10632	1.5678	2.11245	1.61245	2.41868	2.72278	3.2662	3.61975	4.06696	3.24663	3.91745	4.36467	5.00732	5.47033	4.9295	5.91439	6.6424	7.45017	7.02061	6.6175	6.21439	6.34355	6.81789	6.46657	
1.80009	0.8	2.91165	5.67941	8.63371	10.6421	10.5281	8.05039	8.25321	13.6773	18.1157	21.2639	20.903	14.9297	13.2771	8.18806	1.79111	3.58476	3.55844	6.28339	18.1947	19.9975	21.403	21.921	20.1182	17.2157	17.959	18.0289	18.5436	11.1112	10.3089	9.38794	8.87804	8.7557	7.82894	7.98361	8.49352	4.78219	4.48219	2.71442	2.64111	0.806226	0	1.74868	7.15812	7.12034	10.0897	11.1095	8.13371	9.1282	8.74741	8.31729	7.46289	5.18254	4.17755	8.74156	7.54757	8.29757	9.03896	7.41866	10.89	6.02941	4.64864	3.7431	3.16	2.84378	2.41951	2.0072	1.30009	0.761577	1.30623	0.806226	1.61245	1.91655	2.45997	2.81352	3.26074	2.44041	3.11123	3.55844	4.25558	4.66411	4.12328	5.10816	5.83617	6.64394	6.21439	5.81127	5.40816	5.53732	6.01166	7.2728	
2.84743	0.948683	1.16297	4.73638	6.88503	8.89339	8.77944	6.30171	6.50452	11.9287	16.367	19.5152	19.9035	13.9302	11.5284	7.18854	3.53979	5.33344	4.12721	8.03207	17.1952	18.9979	20.4035	20.1723	18.3695	15.467	16.2103	16.2802	16.7949	9.36253	8.56024	7.63926	7.12936	7.00702	6.08026	6.58026	7.09016	4.93087	4.63087	2.8631	4.38979	2.55491	1.74868	0	5.40944	5.37166	8.34105	9.36085	6.38503	7.37951	6.99872	6.56861	5.71421	3.43386	2.42887	6.99287	6.60454	7.35454	7.29027	6.47563	9.94694	5.08638	3.70561	2.80007	2.21697	1.90075	1.47648	1.88879	2.34743	1.80892	2.98774	2.55491	3.36113	3.47393	2.34156	2.69512	3.14233	3.48774	4.15857	4.60578	6.00426	6.41279	5.87196	6.85685	7.58486	8.39263	7.96307	7.55996	7.15685	7.286	7.76035	9.02148	
8.13035	6.35812	4.24647	7.99723	5.06574	5.09632	4.00429	1.53005	1.09508	6.51921	10.9576	14.1058	14.494	8.52076	6.11897	1.7791	8.94923	10.1414	8.44073	12.84	11.7857	13.5885	14.994	14.7628	12.9601	10.0576	10.8009	10.8708	11.8195	4.58739	3.1508	2.86412	2.35422	1.59758	0.67082	1.17082	1.68072	4.97225	4.67225	6.44002	8.98005	7.96435	7.15812	5.40944	0	0.6	3.60972	4.62952	5.56574	5.91427	6.29506	6.72517	6.23656	4.54778	3.54279	7.14944	8.11763	7.36763	6.5866	8.93157	7.52952	8.34723	6.96645	6.35354	5.77044	6.08667	6.51094	6.92325	7.63035	7.21836	8.27067	7.96435	8.77057	8.75685	7.36218	7.00863	7.45584	8.45584	8.88794	9.33515	10.8122	11.2207	10.6799	11.6648	12.3928	13.2006	12.771	12.3679	11.9648	12.0939	12.5683	13.6117	
8.09257	6.32034	4.20869	7.39723	4.46574	4.49632	3.40778	0.930054	1.69508	7.11921	11.5576	14.7058	15.094	9.12076	6.40624	2.3791	8.91145	10.1036	8.40294	12.8022	12.3857	14.1885	15.594	15.3628	13.5601	10.6576	11.4009	11.1581	11.4232	3.99087	3.43807	2.2676	1.7577	2.19758	1.27082	1.77082	2.28072	5.57225	5.27225	7.04002	9.58005	7.92657	7.12034	5.37166	0.6	0	3.00972	4.02952	4.96574	5.31427	5.69506	6.12517	5.63656	3.94778	2.94279	6.54944	7.51763	6.76763	5.9866	8.33157	6.92952	7.74723	6.36645	6.31576	5.73266	6.04889	6.47315	6.88546	7.59257	7.18057	8.23288	7.92657	8.73279	8.71907	7.3244	6.97084	7.41806	8.41806	8.85016	9.29737	10.7744	11.1829	10.6421	11.627	12.355	13.1628	12.7332	12.3301	11.927	12.0562	12.5305	14.2117	
10.8303	9.28973	7.17808	6.37607	1.45602	1.48661	1.28062	2.07966	3.2394	8.58558	13.0239	16.1722	17.199	11.5136	5.099	4.77195	11.8808	12.6795	10.9788	13.16	14.7786	16.2935	17.699	16.8292	15.0264	12.1239	12.8672	9.85084	9.15927	1.72691	3.59127	2.4208	2.90731	3.66395	3.66367	4.16367	4.32201	7.9651	7.6651	9.43286	11.9729	10.896	10.0897	8.34105	3.60972	3.00972	0	1.0198	1.95602	2.30455	2.68534	3.11546	2.62684	4.90719	5.91218	3.53972	4.50791	3.75791	2.97689	5.32185	3.9198	6.7111	7.32587	8.23141	8.70205	9.01828	9.44255	9.85486	10.562	10.15	11.2023	10.896	11.7022	11.4568	9.90026	9.5467	9.99392	10.9939	11.426	11.8732	13.3503	13.7588	13.218	13.4408	12.7128	13.5205	14.547	14.1439	13.7408	14.0943	14.448	16.4505	
11.8501	10.3095	8.19788	7.39587	2.47583	2.50641	1.2902	3.09947	4.19941	8.61855	13.0569	16.2051	17.232	12.1914	5.10858	5.44976	12.7986	13.6993	11.9986	14.1798	15.4564	16.3265	17.732	16.8622	15.0594	12.1569	12.9002	9.08815	8.13947	0.707107	3.60085	2.43038	2.94028	3.69692	4.62367	4.84149	4.33158	8.64291	8.34291	10.1107	12.6507	11.9158	11.1095	9.36085	4.62952	4.02952	1.0198	0	2.97583	3.32435	3.70514	4.13526	3.64665	5.927	6.93198	4.55952	5.52772	4.77772	3.99669	6.34166	2.9	7.7309	8.34567	9.25121	9.72186	10.0381	10.4624	10.8747	11.5818	11.1698	12.2221	11.9158	12.722	12.4766	10.9201	10.5665	11.0137	12.0137	12.4458	12.893	14.3701	14.7786	14.2378	14.4606	13.7326	14.5403	15.5668	15.1637	14.7606	15.1141	15.4678	17.2824	
8.87429	7.33371	5.22206	5.05558	0.5	3.31949	3.23665	4.03569	5.19543	10.5416	14.98	18.1282	19.1551	13.4696	7.05502	6.72797	9.92482	10.7234	9.02278	11.8395	16.7346	18.2495	19.6551	18.7852	16.9825	14.08	14.8233	11.8069	11.1153	3.68293	5.54729	4.37682	4.86333	5.61997	5.61969	6.11969	6.27803	9.91656	9.61656	9.24813	10.7748	8.93994	8.13371	6.38503	5.56574	4.96574	1.95602	2.97583	0	1.04403	1.42482	1.52522	0.67082	2.95117	3.95616	1.94948	3.18743	2.49739	1.71637	4.00137	5.87583	5.39061	5.36985	6.27539	6.74603	7.06226	7.48652	7.89884	8.60594	8.19394	9.24625	8.93994	9.74616	9.50079	7.94424	7.59068	8.0379	9.0379	9.46999	9.91721	11.3943	11.8028	11.262	12.1203	11.3923	12.2	13.2265	12.8234	12.4203	12.676	13.1275	15.13	
8.60673	8.3282	6.21654	4.07152	0.848528	2.27546	3.58517	4.38421	5.54395	10.8901	15.3285	18.4767	19.5036	13.8182	7.40355	7.0765	10.9193	10.4559	8.75522	10.8554	17.0831	18.5981	20.0036	19.1338	17.331	14.4285	15.1718	12.1554	11.4638	4.03146	5.89582	4.72535	5.21186	5.9685	5.96822	6.46822	6.62656	8.93249	8.63249	10.2426	11.7693	9.93442	9.1282	7.37951	5.91427	5.31427	2.30455	3.32435	1.04403	0	0.380789	0.810905	1.66531	3.94566	4.95064	1.23517	2.20336	1.45336	0.672336	3.0173	6.22435	4.40655	5.10229	6.00783	6.59093	6.90715	7.33142	7.74373	8.45083	8.98935	9.09115	9.59115	9.63634	9.23323	7.67668	7.32312	7.77034	8.77034	9.20244	9.64965	11.1267	11.5352	10.9944	11.1362	10.4082	11.216	12.2424	11.8393	11.4362	11.7898	12.1435	14.146	
8.22594	7.94741	5.83575	3.69073	1.22932	1.89467	3.96596	4.765	5.92474	11.2709	15.7093	18.8575	19.8844	14.1989	7.78434	7.45728	10.5385	10.0751	8.37444	10.4746	17.4639	18.9788	20.3844	19.5146	17.7118	14.8093	15.5526	12.5362	11.8446	4.41225	6.27661	5.10614	5.59265	6.34929	6.34901	6.84901	7.00734	8.5517	8.2517	9.86183	11.3885	9.55363	8.74741	6.99872	6.29506	5.69506	2.68534	3.70514	1.42482	0.380789	0	0.430116	1.28452	3.56487	4.56986	0.85438	1.82257	1.07257	0.291548	2.63651	6.10782	4.02576	4.7215	5.62704	6.21014	6.52636	6.95063	7.36294	8.07005	8.60856	8.71036	9.21036	9.25555	8.85244	7.29589	6.94234	7.38955	8.38955	8.82165	9.26886	10.7459	11.1544	10.6136	10.7554	10.0274	10.8352	11.8617	11.4585	11.0554	11.409	11.7627	13.7652	
8.06558	7.51729	5.40564	3.53036	1.65943	2.32479	4.39608	5.19512	6.35486	11.701	16.1394	19.2876	20.3145	14.6291	8.21446	7.8874	10.1084	9.91472	8.21407	10.3143	17.894	19.409	20.8145	19.9447	18.1419	15.2394	15.9827	12.9663	12.2747	4.84237	6.70673	5.53626	6.02277	6.7794	6.77912	7.27912	7.43746	8.39134	8.09134	9.43171	10.9584	9.12352	8.31729	6.56861	6.72517	6.12517	3.11546	4.13526	1.52522	0.810905	0.430116	0	0.8544	3.13475	4.13974	0.424264	1.66221	1.50269	0.721664	2.47615	5.94746	3.86539	4.56114	5.46667	6.04977	6.366	6.79026	7.20257	7.90968	8.37752	8.54999	9.04999	9.09519	8.69207	7.13552	6.78197	7.22918	8.22918	8.66128	9.1085	10.5855	10.9941	10.4532	10.5951	9.86706	10.6748	11.7013	11.2982	10.8951	11.2486	11.6023	13.6048	
8.20347	6.66289	4.55124	4.38476	1.17082	3.17919	3.90747	4.70651	5.86625	11.2124	15.6508	18.799	19.8259	14.1404	7.72584	7.39879	9.254	10.0526	8.35196	11.1687	17.4054	18.9203	20.3259	19.4561	17.6533	14.7508	15.4941	12.4777	11.7861	4.35375	6.21811	5.04764	5.53415	6.29079	6.29051	6.79051	6.94885	9.24574	8.94574	8.57731	10.104	8.26912	7.46289	5.71421	6.23656	5.63656	2.62684	3.64665	0.67082	1.66531	1.28452	0.8544	0	2.28035	3.28534	1.27866	2.51661	2.35709	1.57606	3.33055	6.54665	4.71979	4.69903	5.60457	6.07521	6.39144	6.8157	7.22801	7.93512	7.52312	8.57543	8.26912	9.07534	8.82997	7.27341	6.91986	7.36707	8.36707	8.79917	9.24639	10.7234	11.132	10.5911	11.4495	10.7215	11.5292	12.5557	12.1526	11.7495	12.0052	12.4567	14.4592	
5.92312	4.38254	2.27089	3.44945	3.45117	5.45954	6.18782	4.87783	5.64286	11.067	15.5054	18.6536	19.0418	13.0685	10.0062	6.32687	6.97365	7.77226	6.07161	10.2483	16.3335	18.1363	19.5418	19.3106	17.5078	14.6054	15.3487	14.758	14.0665	6.6341	7.38585	6.21538	5.70548	6.14535	5.2186	5.7186	6.2285	8.31043	8.01043	6.29696	7.82365	5.98877	5.18254	3.43386	4.54778	3.94778	4.90719	5.927	2.95117	3.94566	3.56487	3.13475	2.28035	0	1.00499	3.55902	4.79696	4.63744	3.85642	5.1887	8.66001	3.79945	2.41868	3.32422	3.79486	4.11109	4.53535	4.94766	5.65477	5.24277	6.29508	5.98877	6.79499	6.54962	4.99306	4.63951	5.08672	6.08672	6.51882	6.96604	8.44308	8.85161	8.31078	9.29567	9.80112	10.6089	10.4019	9.99878	9.59567	9.72482	10.1992	12.2017	
5.14978	3.37755	1.2659	4.45444	4.45616	6.46452	6.35057	3.87284	4.63787	10.062	14.5004	17.6486	18.0368	12.0635	9.34903	5.32188	5.96866	7.16081	5.46016	9.85944	15.3285	17.1313	18.5368	18.3056	16.5029	13.6004	14.3437	14.1009	14.366	6.93366	6.38086	5.21039	4.70049	5.14037	4.21361	4.71361	5.22351	7.35974	7.05974	5.29197	6.81866	4.98378	4.17755	2.42887	3.54279	2.94279	5.91218	6.93198	3.95616	4.95064	4.56986	4.13974	3.28534	1.00499	0	4.564	5.80194	5.64243	4.8614	6.19369	9.665	4.80444	3.42366	3.37297	2.78987	3.1061	3.53037	3.94268	4.64978	4.23779	5.2901	4.98378	5.79	5.77628	4.38161	4.02806	4.47527	5.47527	5.90737	6.35458	7.83163	8.24016	7.69932	8.68421	9.41222	10.22	9.79044	9.38732	8.98421	9.11337	9.58771	11.4503	
